size, dsetmatrix,cudaMemcpy, chunktime, chunk_nosync, chunktimestream, chunkstreams_ nosync, chunkno,chunksize
128, 0.293945, 0.049805, 0.071045, 0.040039, 0.073975, 0.055908,  2, 65536
128, 0.247070, 0.038818, 0.046875, 0.039062, 0.082031, 0.047852,  2, 65536
128, 0.278076, 0.037842, 0.047119, 0.040039, 0.071045, 0.047852,  2, 65536
128, 0.332031, 0.036865, 0.046143, 0.037842, 0.076904, 0.049072,  2, 65536
128, 0.292969, 0.046875, 0.047852, 0.040283, 0.077148, 0.048828,  2, 65536
192, 0.308105, 0.064941, 0.074219, 0.065918, 0.095947, 0.072998,  2, 147456
192, 0.365967, 0.064941, 0.077148, 0.065186, 0.105225, 0.075195,  2, 147456
192, 0.541992, 0.072998, 0.069092, 0.063965, 0.106689, 0.075928,  2, 147456
192, 0.089844, 0.072021, 0.075195, 0.065674, 0.104004, 0.076172,  2, 147456
192, 0.330078, 0.065186, 0.072754, 0.065918, 0.091797, 0.074707,  2, 147456
256, 0.362793, 0.109131, 0.110107, 0.102051, 0.141113, 0.112061,  2, 262144
256, 0.397949, 0.107178, 0.104980, 0.100830, 0.150879, 0.112061,  2, 262144
256, 0.355957, 0.108887, 0.105957, 0.101807, 0.159912, 0.109863,  2, 262144
256, 0.370850, 0.107910, 0.105957, 0.102051, 0.147949, 0.109863,  2, 262144
256, 0.406982, 0.101074, 0.106934, 0.103027, 0.151855, 0.109863,  2, 262144
320, 0.389160, 0.148193, 0.153076, 0.148926, 0.190918, 0.156250,  2, 409600
320, 0.397949, 0.155029, 0.153076, 0.149170, 0.196045, 0.159180,  2, 409600
320, 0.421875, 0.153076, 0.151855, 0.148193, 0.179932, 0.157959,  2, 409600
320, 0.405029, 0.153809, 0.153076, 0.149902, 0.192139, 0.157959,  2, 409600
320, 0.473877, 0.146729, 0.151123, 0.147949, 0.189209, 0.158203,  2, 409600
384, 0.489014, 0.205811, 0.210938, 0.207031, 0.251221, 0.214111,  2, 589824
384, 0.461182, 0.203857, 0.208984, 0.204834, 0.262207, 0.216064,  2, 589824
384, 0.458984, 0.204834, 0.210938, 0.206055, 0.260254, 0.217041,  2, 589824
384, 0.485840, 0.204102, 0.209961, 0.206055, 0.254150, 0.216064,  2, 589824
384, 0.444824, 0.198975, 0.208740, 0.199707, 0.243164, 0.208252,  2, 589824
448, 0.510742, 0.267090, 0.272949, 0.267822, 0.298096, 0.277100,  2, 802816
448, 0.642822, 0.266846, 0.272949, 0.267822, 0.305908, 0.277100,  2, 802816
448, 0.581055, 0.264893, 0.272217, 0.267090, 0.303955, 0.276855,  2, 802816
448, 0.503906, 0.266113, 0.272949, 0.268311, 0.316162, 0.276123,  2, 802816
448, 0.526855, 0.266113, 0.270020, 0.268066, 0.297852, 0.276123,  2, 802816
512, 0.593262, 0.350830, 0.355957, 0.345947, 0.381836, 0.356201,  2, 1048576
512, 0.627197, 0.349854, 0.358154, 0.346924, 0.385010, 0.355957,  2, 1048576
512, 0.585938, 0.352051, 0.361084, 0.345947, 0.380859, 0.354980,  2, 1048576
512, 0.593994, 0.351807, 0.353027, 0.347168, 0.378174, 0.354004,  2, 1048576
512, 0.643066, 0.349854, 0.348877, 0.344971, 0.392822, 0.355957,  2, 1048576
576, 0.678955, 0.439941, 0.447021, 0.436035, 0.457031, 0.442871,  2, 1327104
576, 0.681885, 0.439941, 0.444824, 0.435059, 0.458008, 0.447021,  2, 1327104
576, 0.454102, 0.439941, 0.436035, 0.434814, 0.458740, 0.444092,  2, 1327104
576, 0.694092, 0.440918, 0.475098, 0.453125, 0.463135, 0.444092,  2, 1327104
576, 0.677246, 0.440918, 0.441162, 0.434814, 0.461914, 0.442871,  2, 1327104
640, 0.781982, 0.532959, 0.541992, 0.534912, 0.554199, 0.542969,  2, 1638400
640, 0.967041, 0.540039, 0.551758, 0.535156, 0.557861, 0.547852,  2, 1638400
640, 0.780029, 0.540039, 0.554932, 0.534912, 0.557861, 0.544922,  2, 1638400
640, 0.799072, 0.538818, 0.557861, 0.535156, 0.559082, 0.544189,  2, 1638400
640, 0.795166, 0.540039, 0.555176, 0.533936, 0.561035, 0.549072,  2, 1638400
704, 0.899170, 0.649170, 0.657227, 0.648926, 0.677979, 0.658203,  2, 1982464
704, 0.964111, 0.649902, 0.659180, 0.651123, 0.678955, 0.657227,  2, 1982464
704, 0.916016, 0.648926, 0.657959, 0.650879, 0.676758, 0.652100,  2, 1982464
704, 0.893799, 0.650146, 0.655273, 0.655762, 0.684082, 0.658203,  2, 1982464
704, 0.942871, 0.647949, 0.656006, 0.642090, 0.677979, 0.656982,  2, 1982464
768, 1.042969, 0.768066, 0.783203, 0.783936, 0.799072, 0.781982,  2, 2359296
768, 1.075195, 0.761230, 0.785156, 0.782959, 0.796143, 0.771973,  2, 2359296
768, 1.070068, 0.768311, 0.793945, 0.780762, 0.798096, 0.777832,  2, 2359296
768, 1.158936, 0.769775, 0.782959, 0.783936, 0.792969, 0.774902,  2, 2359296
768, 1.025146, 0.770020, 0.781982, 0.778809, 0.792969, 0.798096,  2, 2359296
832, 1.201904, 0.906982, 0.913086, 0.908691, 0.926025, 0.902832,  2, 2768896
832, 1.378174, 0.893066, 0.918701, 0.907959, 0.924072, 0.911865,  2, 2768896
832, 1.201172, 0.898926, 0.917969, 0.915039, 0.926025, 0.903809,  2, 2768896
832, 1.252930, 0.903809, 0.930176, 0.916016, 0.938965, 0.911133,  2, 2768896
832, 1.328125, 0.902832, 0.930176, 0.910156, 0.962891, 0.911865,  2, 2768896
896, 1.319092, 1.042969, 1.057861, 1.045166, 1.107178, 1.058105,  2, 3211264
896, 1.393066, 1.048828, 1.059082, 1.067139, 1.088867, 1.066162,  2, 3211264
896, 1.312988, 1.049805, 1.064941, 1.058105, 1.064941, 1.055908,  2, 3211264
896, 1.291016, 1.039795, 1.071045, 1.049072, 1.072021, 1.049072,  2, 3211264
896, 1.286865, 1.041992, 1.060059, 1.049072, 1.075928, 1.049072,  2, 3211264
960, 1.520020, 1.191162, 1.226807, 1.206787, 1.219971, 1.198975,  2, 3686400
960, 1.439941, 1.192139, 1.219971, 1.203857, 1.216309, 1.220947,  2, 3686400
960, 1.443848, 1.190918, 1.212158, 1.210938, 1.213867, 1.197998,  2, 3686400
960, 1.467041, 1.190918, 1.218994, 1.212646, 1.220947, 1.202881,  2, 3686400
960, 1.446045, 1.192139, 1.209961, 1.205078, 1.217773, 1.194092,  2, 3686400
1024, 1.626953, 1.354004, 1.374023, 1.355957, 1.409180, 1.377930,  2, 4194304
1024, 1.602051, 1.354004, 1.375977, 1.368896, 1.424072, 1.383057,  2, 4194304
1024, 1.603027, 1.354980, 1.379883, 1.370117, 1.413818, 1.388916,  2, 4194304
1024, 1.603027, 1.353027, 1.375000, 1.367676, 1.416016, 1.388184,  2, 4194304
1024, 1.619873, 1.354004, 1.365967, 1.374023, 1.405029, 1.383789,  2, 4194304
1088, 1.774170, 1.526123, 1.546143, 1.540039, 1.571045, 1.563965,  2, 4734976
1088, 1.791016, 1.525879, 1.543945, 1.539795, 1.589844, 1.551025,  2, 4734976
1088, 1.795898, 1.552979, 1.556885, 1.551758, 1.593750, 1.544922,  2, 4734976
1088, 1.844971, 1.523926, 1.567871, 1.538086, 1.585938, 1.562012,  2, 4734976
1088, 2.012939, 1.525879, 1.546875, 1.540039, 1.596924, 1.556152,  2, 4734976
1152, 1.958984, 1.708008, 1.724121, 1.722900, 1.765137, 1.744873,  2, 5308416
1152, 1.958008, 1.708008, 1.728027, 1.722168, 1.766113, 1.734131,  2, 5308416
1152, 2.009766, 1.708984, 1.738037, 1.728027, 1.780029, 1.755127,  2, 5308416
1152, 1.966064, 1.708008, 1.720947, 1.722900, 1.765137, 1.740967,  2, 5308416
1152, 2.030029, 1.707031, 1.738037, 1.722900, 1.781250, 1.745850,  2, 5308416
1216, 2.170166, 1.901367, 1.928223, 1.913818, 1.974121, 1.943115,  2, 5914624
1216, 2.202881, 1.914062, 1.924072, 1.915771, 1.963867, 1.949951,  2, 5914624
1216, 2.177002, 1.899902, 1.917969, 1.946777, 1.965820, 1.935059,  2, 5914624
1216, 2.160645, 1.899902, 1.924072, 1.916016, 1.966064, 1.937988,  2, 5914624
1216, 2.294922, 1.914062, 1.922852, 1.915771, 1.957031, 1.940918,  2, 5914624
1280, 2.379150, 2.106934, 2.122803, 2.130859, 2.171875, 2.150635,  2, 6553600
1280, 2.371826, 2.104004, 2.131104, 2.113037, 2.167969, 2.155029,  2, 6553600
1280, 2.354980, 2.103027, 2.135986, 2.118896, 2.166992, 2.147217,  2, 6553600
1280, 2.426025, 2.117920, 2.123047, 2.114014, 2.166016, 2.138184,  2, 6553600
1280, 2.424805, 2.119141, 2.133057, 2.125000, 2.177002, 2.140137,  2, 6553600
1344, 2.635986, 2.318115, 2.341064, 2.331055, 2.388184, 2.352051,  2, 7225344
1344, 2.566162, 2.316895, 2.351807, 2.331055, 2.383057, 2.347900,  2, 7225344
1344, 2.564941, 2.318848, 2.347900, 2.332764, 2.386963, 2.345947,  2, 7225344
1344, 2.625977, 2.331055, 2.346924, 2.330078, 2.388184, 2.359863,  2, 7225344
1344, 2.582031, 2.317871, 2.339844, 2.325195, 2.393066, 2.361084,  2, 7225344
1408, 2.928955, 2.543213, 2.559082, 2.556885, 2.614014, 2.587891,  2, 7929856
1408, 2.807861, 2.548096, 2.561035, 2.557861, 2.627197, 2.570801,  2, 7929856
1408, 2.791016, 2.541992, 2.562988, 2.556641, 2.610840, 2.572754,  2, 7929856
1408, 2.808105, 2.541992, 2.562012, 2.557861, 2.612061, 2.583984,  2, 7929856
1408, 2.800049, 2.541992, 2.569092, 2.555176, 2.600830, 2.592773,  2, 7929856
1472, 3.042969, 2.776123, 2.791748, 2.791992, 2.855713, 2.811035,  2, 8667136
1472, 3.034912, 2.776855, 2.801025, 2.791016, 2.848145, 2.815918,  2, 8667136
1472, 3.264160, 2.777100, 2.795898, 2.791016, 2.845947, 2.820068,  2, 8667136
1472, 3.024902, 2.775879, 2.808838, 2.791992, 2.847900, 2.812256,  2, 8667136
1472, 3.026123, 2.777100, 2.805908, 2.809082, 2.849121, 2.813232,  2, 8667136
1536, 3.288086, 3.020996, 3.044922, 3.047852, 3.077881, 3.058350,  2, 9437184
1536, 3.292236, 3.020020, 3.051025, 3.036865, 3.095947, 3.064941,  2, 9437184
1536, 3.337158, 3.022705, 3.040039, 3.037354, 3.104980, 3.059082,  2, 9437184
1536, 3.272949, 3.015137, 3.039795, 3.040771, 3.094971, 3.055908,  2, 9437184
1536, 3.289795, 3.014893, 3.052002, 3.029297, 3.100098, 3.060059,  2, 9437184
1600, 3.551025, 3.283936, 3.295166, 3.305908, 3.352051, 3.312988,  2, 10240000
1600, 3.526123, 3.276611, 3.305908, 3.302246, 3.352051, 3.312988,  2, 10240000
1600, 3.546875, 3.278076, 3.306152, 3.303955, 3.351074, 3.323242,  2, 10240000
1600, 3.549805, 3.276855, 3.309082, 3.288086, 3.351074, 3.326172,  2, 10240000
1600, 3.535889, 3.276855, 3.310059, 3.289795, 3.350098, 3.326904,  2, 10240000
1664, 3.880127, 3.543213, 3.561035, 3.556885, 3.618896, 3.577881,  2, 11075584
1664, 3.927002, 3.555176, 3.569092, 3.553711, 3.619873, 3.574951,  2, 11075584
1664, 3.819824, 3.541016, 3.579102, 3.556885, 3.627930, 3.565918,  2, 11075584
1664, 3.794189, 3.539062, 3.579834, 3.576904, 3.651123, 3.588867,  2, 11075584
1664, 3.861084, 3.536865, 3.555908, 3.558105, 3.619873, 3.572021,  2, 11075584
1728, 4.071045, 3.818115, 3.841064, 3.846924, 3.915039, 3.866211,  2, 11943936
1728, 4.130127, 3.824951, 3.840088, 3.832031, 3.896973, 3.869141,  2, 11943936
1728, 4.074951, 3.832031, 3.839111, 3.832275, 3.919922, 3.861816,  2, 11943936
1728, 4.090820, 3.819092, 3.848633, 3.825928, 3.891846, 3.859863,  2, 11943936
1728, 4.126953, 3.825928, 3.834961, 3.838135, 3.875000, 3.863770,  2, 11943936
1792, 4.367920, 4.105957, 4.125000, 4.120850, 4.187012, 4.142090,  2, 12845056
1792, 4.447021, 4.107178, 4.129150, 4.116943, 4.201904, 4.136719,  2, 12845056
1792, 4.359131, 4.109131, 4.121826, 4.119873, 4.194824, 4.175049,  2, 12845056
1792, 4.361084, 4.106934, 4.118164, 4.133057, 4.187012, 4.132080,  2, 12845056
1792, 4.426758, 4.106201, 4.129150, 4.124023, 4.187744, 4.148926,  2, 12845056
1856, 4.817871, 4.404053, 4.421875, 4.428955, 4.492188, 4.440186,  2, 13778944
1856, 4.665039, 4.402100, 4.426025, 4.415039, 4.500977, 4.437988,  2, 13778944
1856, 4.747803, 4.402832, 4.422852, 4.430908, 4.489746, 4.440918,  2, 13778944
1856, 4.663330, 4.404053, 4.439209, 4.422852, 4.487061, 4.439209,  2, 13778944
1856, 4.745117, 4.402832, 4.421875, 4.429932, 4.488770, 4.439941,  2, 13778944
1920, 4.964600, 4.709961, 4.747070, 4.726074, 4.810059, 4.739990,  2, 14745600
1920, 5.050049, 4.710938, 4.731934, 4.738037, 4.799316, 4.772949,  2, 14745600
1920, 4.996094, 4.726318, 4.734131, 4.723877, 4.799072, 4.754150,  2, 14745600
1920, 4.991211, 4.711182, 4.747803, 4.726074, 4.804199, 4.739990,  2, 14745600
1920, 5.037109, 4.711182, 4.733887, 4.738037, 4.799805, 4.781006,  2, 14745600
1984, 5.351807, 5.028076, 5.046143, 5.047119, 5.108154, 5.071045,  2, 15745024
1984, 5.305908, 5.041992, 5.050049, 5.041992, 5.112061, 5.092041,  2, 15745024
1984, 5.281006, 5.035889, 5.041992, 5.042725, 5.106934, 5.072021,  2, 15745024
1984, 5.279785, 5.051025, 5.051025, 5.042969, 5.106934, 5.063965,  2, 15745024
1984, 5.363037, 5.026855, 5.058105, 5.055908, 5.120117, 5.082031,  2, 15745024
2048, 5.620117, 5.357178, 5.391846, 5.371094, 5.465088, 5.393066,  2, 16777216
2048, 5.846924, 5.356934, 5.398926, 5.367920, 5.449951, 5.396973,  2, 16777216
2048, 5.806885, 5.357178, 5.390869, 5.373047, 5.448242, 5.409912,  2, 16777216
2048, 5.678223, 5.356934, 5.375244, 5.370850, 5.458252, 5.435059,  2, 16777216
2048, 5.650146, 5.357178, 5.377930, 5.384033, 5.464111, 5.381836,  2, 16777216
2112, 5.969238, 5.709229, 5.722168, 5.710205, 5.795898, 5.729004,  2, 17842176
2112, 5.967285, 5.710205, 5.724854, 5.723145, 5.790039, 5.750000,  2, 17842176
2112, 6.015137, 5.713135, 5.719971, 5.728027, 5.781738, 5.738037,  2, 17842176
2112, 6.035889, 5.693848, 5.713135, 5.720947, 5.789062, 5.749023,  2, 17842176
2112, 6.011963, 5.696045, 5.726074, 5.704102, 5.787109, 5.765869,  2, 17842176
2176, 6.299072, 6.045166, 6.062256, 6.064941, 6.127930, 6.100098,  2, 18939904
2176, 6.326172, 6.043945, 6.076904, 6.052002, 6.131104, 6.084961,  2, 18939904
2176, 6.301270, 6.043945, 6.073975, 6.083008, 6.131104, 6.106201,  2, 18939904
2176, 6.370117, 6.045166, 6.076172, 6.052979, 6.141846, 6.093018,  2, 18939904
2176, 6.320068, 6.056885, 6.061035, 6.066895, 6.156982, 6.104248,  2, 18939904
2240, 6.687744, 6.404297, 6.422119, 6.452148, 6.522217, 6.451172,  2, 20070400
2240, 6.672363, 6.417969, 6.426758, 6.426025, 6.510010, 6.459961,  2, 20070400
2240, 6.667236, 6.417236, 6.426270, 6.417969, 6.510010, 6.439941,  2, 20070400
2240, 6.679932, 6.405029, 6.441162, 6.420166, 6.488037, 6.453125,  2, 20070400
2240, 6.748291, 6.403809, 6.434082, 6.419922, 6.483887, 6.461914,  2, 20070400
2304, 7.040039, 6.774902, 6.808105, 6.781982, 6.888916, 6.830322,  2, 21233664
2304, 7.040771, 6.774902, 6.790039, 6.780029, 6.852051, 6.785889,  2, 21233664
2304, 7.042969, 6.774902, 6.775146, 6.773926, 6.845947, 6.809082,  2, 21233664
2304, 7.024170, 6.767822, 6.782227, 6.771240, 6.844971, 6.784912,  2, 21233664
2304, 7.025146, 6.770020, 6.796875, 6.779297, 6.845947, 6.779785,  2, 21233664
2368, 7.414062, 7.149902, 7.163086, 7.153809, 7.229980, 7.177246,  2, 22429696
2368, 7.413086, 7.148926, 7.161865, 7.161865, 7.221191, 7.189209,  2, 22429696
2368, 7.416992, 7.149902, 7.171875, 7.168945, 7.221924, 7.166748,  2, 22429696
2368, 7.436035, 7.155029, 7.158936, 7.154785, 7.230957, 7.175049,  2, 22429696
2368, 7.437012, 7.156982, 7.164795, 7.169922, 7.224854, 7.181152,  2, 22429696
2432, 7.811035, 7.548096, 7.548096, 7.546387, 7.625244, 7.566162,  2, 23658496
2432, 7.805176, 7.546143, 7.552979, 7.546875, 7.636230, 7.570801,  2, 23658496
2432, 7.868896, 7.545898, 7.554932, 7.542969, 7.629150, 7.582031,  2, 23658496
2432, 7.828857, 7.546143, 7.552002, 7.545898, 7.628906, 7.582764,  2, 23658496
2432, 7.820801, 7.546875, 7.548096, 7.544922, 7.641113, 7.571777,  2, 23658496
2496, 8.296143, 7.941162, 7.955078, 7.941895, 8.030029, 7.952148,  2, 24920064
2496, 8.232910, 7.953857, 7.950928, 7.949707, 8.038086, 7.969727,  2, 24920064
2496, 8.228027, 7.940918, 7.967773, 7.956055, 8.031250, 7.951172,  2, 24920064
2496, 8.278076, 7.941895, 7.949951, 7.943115, 8.032959, 7.956787,  2, 24920064
2496, 8.271973, 7.941895, 7.956055, 7.947998, 8.034912, 7.992920,  2, 24920064
2560, 8.612305, 8.358887, 8.361816, 8.359131, 8.449951, 8.371826,  2, 26214400
2560, 8.701172, 8.362061, 8.360107, 8.371094, 8.443115, 8.371094,  2, 26214400
2560, 8.837158, 8.356934, 8.377930, 8.372070, 8.445801, 8.387939,  2, 26214400
2560, 8.666992, 8.353027, 8.371094, 8.358887, 8.453125, 8.362061,  2, 26214400
2560, 8.857910, 8.360840, 8.359863, 8.354980, 8.450928, 8.382080,  2, 26214400
2624, 9.054932, 8.774902, 8.805908, 8.781982, 8.854004, 8.816895,  2, 27541504
2624, 9.093262, 8.775146, 8.796143, 8.782715, 8.862793, 8.796143,  2, 27541504
2624, 9.041992, 8.777100, 8.800781, 8.795166, 8.862793, 8.802734,  2, 27541504
2624, 9.060059, 8.775146, 8.802734, 8.791260, 8.867920, 8.810059,  2, 27541504
2624, 9.045898, 8.775146, 8.801758, 8.791992, 8.858154, 8.803223,  2, 27541504
2688, 9.491943, 9.207031, 9.231201, 9.233887, 9.305908, 9.224854,  2, 28901376
2688, 9.738281, 9.209961, 9.231201, 9.228027, 9.306885, 9.244141,  2, 28901376
2688, 9.479980, 9.218018, 9.222168, 9.215088, 9.298096, 9.218018,  2, 28901376
2688, 9.491943, 9.209961, 9.222900, 9.217041, 9.306396, 9.247070,  2, 28901376
2688, 9.532959, 9.209229, 9.215088, 9.228760, 9.304199, 9.220703,  2, 28901376
2752, 9.925049, 9.650879, 9.673096, 9.667969, 9.757080, 9.686035,  2, 30294016
2752, 9.910156, 9.649902, 9.673828, 9.657715, 9.754883, 9.680908,  2, 30294016
2752, 9.918945, 9.653076, 9.663086, 9.652832, 9.750244, 9.668213,  2, 30294016
2752, 9.921143, 9.656738, 9.659912, 9.678223, 9.748047, 9.677002,  2, 30294016
2752, 9.943848, 9.650879, 9.659912, 9.666016, 9.747803, 9.690918,  2, 30294016
2816, 10.375000, 10.111328, 10.114014, 10.107178, 10.205811, 10.139893,  2, 31719424
2816, 10.426025, 10.107910, 10.114014, 10.109863, 10.200928, 10.137939,  2, 31719424
2816, 10.383057, 10.113037, 10.125000, 10.138916, 10.199951, 10.130859,  2, 31719424
2816, 10.583984, 10.111084, 10.121094, 10.123047, 10.208740, 10.124023,  2, 31719424
2816, 10.392822, 10.103027, 10.112061, 10.126221, 10.191895, 10.141113,  2, 31719424
2880, 10.854004, 10.568848, 10.586914, 10.576172, 10.663086, 10.585693,  2, 33177600
2880, 10.847900, 10.565918, 10.583984, 10.583984, 10.661133, 10.583984,  2, 33177600
2880, 10.838135, 10.576904, 10.577393, 10.581055, 10.669189, 10.596924,  2, 33177600
2880, 10.851074, 10.575195, 10.595947, 10.572998, 10.664062, 10.586914,  2, 33177600
2880, 10.888184, 10.570068, 10.589844, 10.582031, 10.659912, 10.586914,  2, 33177600
2944, 11.356934, 11.050049, 11.050049, 11.051025, 11.135986, 11.078125,  2, 34668544
2944, 11.377930, 11.049805, 11.063965, 11.052979, 11.150879, 11.057861,  2, 34668544
2944, 11.306885, 11.043945, 11.055176, 11.047852, 11.145996, 11.066406,  2, 34668544
2944, 11.333008, 11.065186, 11.069092, 11.055908, 11.145264, 11.078125,  2, 34668544
2944, 11.322998, 11.041992, 11.077148, 11.064941, 11.146240, 11.072998,  2, 34668544
3008, 11.791016, 11.526855, 11.540283, 11.532959, 11.623047, 11.568115,  2, 36192256
3008, 11.797363, 11.525879, 11.536865, 11.531738, 11.661133, 11.581787,  2, 36192256
3008, 11.803955, 11.553223, 11.554932, 11.560059, 11.677979, 11.606934,  2, 36192256
3008, 11.788086, 11.571045, 11.555908, 11.555908, 11.663818, 11.580078,  2, 36192256
3008, 11.801025, 11.548828, 11.556885, 11.561035, 11.669922, 11.582764,  2, 36192256
3072, 12.313232, 12.041992, 12.077881, 12.041016, 12.182129, 12.090820,  2, 37748736
3072, 12.301758, 12.034912, 12.041748, 12.058105, 12.165039, 12.063232,  2, 37748736
3072, 12.298828, 12.026855, 12.063965, 12.050293, 12.147949, 12.097900,  2, 37748736
3072, 12.507812, 12.033936, 12.054199, 12.072021, 12.175049, 12.091064,  2, 37748736
3072, 12.312012, 12.040771, 12.051758, 12.054932, 12.175049, 12.093994,  2, 37748736
3136, 12.879639, 12.551025, 12.572021, 12.554932, 12.663818, 12.610840,  2, 39337984
3136, 12.801270, 12.548096, 12.563965, 12.547119, 12.675049, 12.604980,  2, 39337984
3136, 12.795898, 12.547119, 12.572021, 12.552002, 12.659180, 12.593018,  2, 39337984
3136, 12.801025, 12.545166, 12.558838, 12.541016, 12.668213, 12.590088,  2, 39337984
3136, 12.870850, 12.547119, 12.575684, 12.554932, 12.645752, 12.600830,  2, 39337984
3200, 13.320068, 13.063965, 13.081055, 13.056152, 13.185059, 13.102051,  2, 40960000
3200, 13.528076, 13.069824, 13.084961, 13.070068, 13.197021, 13.106934,  2, 40960000
3200, 13.347900, 13.049072, 13.098145, 13.076172, 13.222168, 13.109863,  2, 40960000
3200, 13.343018, 13.063965, 13.080078, 13.070068, 13.205078, 13.106934,  2, 40960000
3200, 13.318115, 13.065918, 13.083008, 13.062988, 13.194092, 13.112061,  2, 40960000
3264, 13.865967, 13.589844, 13.611816, 13.608154, 13.721924, 13.630127,  2, 42614784
3264, 13.982910, 13.587891, 13.610840, 13.603027, 13.695068, 13.630859,  2, 42614784
3264, 13.844971, 13.574951, 13.614258, 13.596191, 13.716064, 13.645020,  2, 42614784
3264, 13.888184, 13.590088, 13.620117, 13.598877, 13.685059, 13.623047,  2, 42614784
3264, 13.843262, 13.591064, 13.619141, 13.603027, 13.692139, 13.649902,  2, 42614784
3328, 14.532959, 14.125244, 14.141846, 14.138184, 14.260986, 14.164062,  2, 44302336
3328, 14.380127, 14.126221, 14.130859, 14.135254, 14.230957, 14.166748,  2, 44302336
3328, 14.398193, 14.126221, 14.157715, 14.142822, 14.269043, 14.157959,  2, 44302336
3328, 14.455078, 14.133057, 14.144043, 14.142090, 14.250977, 14.173096,  2, 44302336
3328, 14.383789, 14.128906, 14.166016, 14.135742, 14.243896, 14.165039,  2, 44302336
3392, 14.987061, 14.673096, 14.691895, 14.687256, 14.791016, 14.722900,  2, 46022656
3392, 14.982178, 14.672119, 14.700928, 14.694092, 14.774902, 14.717041,  2, 46022656
3392, 14.997070, 14.678955, 14.690674, 14.686768, 14.794922, 14.708984,  2, 46022656
3392, 14.946045, 14.673828, 14.696289, 14.690186, 14.792725, 14.717041,  2, 46022656
3392, 14.930908, 14.681152, 14.698242, 14.687256, 14.787109, 14.711914,  2, 46022656
3456, 15.709961, 15.239014, 15.249023, 15.304199, 15.350830, 15.284912,  2, 47775744
3456, 15.493896, 15.236084, 15.249023, 15.239014, 15.376953, 15.260986,  2, 47775744
3456, 15.708008, 15.229980, 15.253174, 15.244873, 15.363037, 15.291016,  2, 47775744
3456, 15.510986, 15.226074, 15.248047, 15.245850, 15.365967, 15.279053,  2, 47775744
3456, 15.495850, 15.231689, 15.253174, 15.240967, 15.364746, 15.275879,  2, 47775744
3520, 16.068115, 15.798584, 15.854980, 15.818848, 15.952881, 15.838867,  2, 49561600
3520, 16.129150, 15.798096, 15.823242, 15.812988, 15.910156, 15.849121,  2, 49561600
3520, 16.088867, 15.801270, 15.819824, 15.813232, 15.934814, 15.847168,  2, 49561600
3520, 16.110840, 15.832275, 15.824951, 15.812744, 15.921875, 15.856934,  2, 49561600
3520, 16.077881, 15.799072, 15.825928, 15.814697, 15.935303, 15.846924,  2, 49561600
3584, 16.639160, 16.377930, 16.399902, 16.387939, 16.512939, 16.420166,  2, 51380224
3584, 16.632080, 16.376953, 16.392090, 16.392090, 16.506836, 16.423096,  2, 51380224
3584, 16.653076, 16.384033, 16.391113, 16.392822, 16.536133, 16.457031,  2, 51380224
3584, 16.631836, 16.385010, 16.395996, 16.385010, 16.512939, 16.434814,  2, 51380224
3584, 16.717773, 16.381104, 16.399902, 16.408936, 16.511719, 16.424072,  2, 51380224
3648, 17.225098, 16.965088, 16.994873, 16.986816, 17.079102, 17.009033,  2, 53231616
3648, 17.231934, 16.967041, 16.995850, 16.992188, 17.119873, 17.010742,  2, 53231616
3648, 17.004883, 16.967041, 16.989014, 16.979004, 17.102051, 17.015869,  2, 53231616
3648, 17.223145, 16.968018, 16.989990, 16.981201, 17.095947, 17.000000,  2, 53231616
3648, 17.286133, 16.967041, 17.019043, 16.988037, 17.089111, 17.002197,  2, 53231616
3712, 17.885010, 17.579834, 17.590088, 17.580078, 17.719971, 17.630859,  2, 55115776
3712, 17.807861, 17.566895, 17.609863, 17.578857, 17.710938, 17.614990,  2, 55115776
3712, 17.820801, 17.564941, 17.605957, 17.581055, 17.698975, 17.656982,  2, 55115776
3712, 17.950928, 17.607910, 17.590088, 17.572754, 17.713135, 17.613770,  2, 55115776
3712, 17.896973, 17.572998, 17.581787, 17.578125, 17.734863, 17.619873,  2, 55115776
3776, 18.432129, 18.188232, 18.197021, 18.195801, 18.310791, 18.237061,  2, 57032704
3776, 18.429932, 18.176025, 18.197998, 18.197998, 18.338867, 18.224854,  2, 57032704
3776, 18.508057, 18.176270, 18.205078, 18.183105, 18.314941, 18.223145,  2, 57032704
3776, 18.447021, 18.205811, 18.193848, 18.183105, 18.339111, 18.238281,  2, 57032704
3776, 18.429199, 18.175293, 18.197266, 18.188965, 18.337158, 18.229004,  2, 57032704
3840, 19.119141, 18.812256, 18.819092, 18.809082, 18.928955, 18.841064,  2, 58982400
3840, 19.067139, 18.794922, 18.827148, 18.802002, 18.936035, 18.873047,  2, 58982400
3840, 19.052002, 18.797119, 18.882080, 18.805176, 18.947998, 18.848145,  2, 58982400
3840, 19.048340, 18.797119, 18.812988, 18.808838, 18.931152, 18.993164,  2, 58982400
3840, 19.115967, 18.797119, 18.827881, 18.802002, 18.943115, 18.875244,  2, 58982400
3904, 19.734863, 19.426758, 19.443848, 19.440186, 19.592041, 19.474121,  2, 60964864
3904, 19.681885, 19.426758, 19.461914, 19.440186, 19.581055, 19.467041,  2, 60964864
3904, 19.700195, 19.427246, 19.453125, 19.458984, 19.588867, 19.489990,  2, 60964864
3904, 19.749023, 19.427979, 19.445312, 19.447266, 19.592041, 19.482178,  2, 60964864
3904, 19.767822, 19.427002, 19.434082, 19.439941, 19.600098, 19.471191,  2, 60964864
3968, 20.322754, 20.082031, 20.089355, 20.075928, 20.210938, 20.124268,  2, 62980096
3968, 20.410889, 20.066895, 20.098877, 20.085693, 20.194092, 20.124023,  2, 62980096
3968, 20.384766, 20.068848, 20.093018, 20.106934, 20.208008, 20.143066,  2, 62980096
3968, 20.341064, 20.083984, 20.107178, 20.081055, 20.227783, 20.111816,  2, 62980096
3968, 20.320801, 20.062988, 20.099121, 20.077881, 20.239014, 20.128174,  2, 62980096
4032, 20.981934, 20.732910, 20.734863, 20.730957, 20.868896, 20.774170,  2, 65028096
4032, 21.040039, 20.719971, 20.744141, 20.769043, 20.887939, 20.791016,  2, 65028096
4032, 20.999023, 20.718018, 20.756836, 20.734131, 20.869141, 20.772949,  2, 65028096
4032, 20.972900, 20.727051, 20.731934, 20.730957, 20.875977, 20.770996,  2, 65028096
4032, 20.971680, 20.731934, 20.736816, 20.738281, 20.886963, 20.769043,  2, 65028096
4096, 21.785156, 21.381104, 21.422363, 21.393066, 21.562988, 21.445068,  2, 67108864
4096, 21.653809, 21.392822, 21.401855, 21.401123, 21.578125, 21.445068,  2, 67108864
4096, 21.652100, 21.381104, 21.414062, 21.392090, 21.546143, 21.426270,  2, 67108864
4096, 21.694824, 21.386963, 21.422119, 21.407227, 21.562012, 21.448975,  2, 67108864
4096, 21.663086, 21.395020, 21.403076, 21.400879, 21.540039, 21.453369,  2, 67108864
